image_width: 1920
image_height: 1080
camera_name: camera0
camera_matrix: !!opencv-matrix
   rows: 3
   cols: 3
   dt: d
   data: [ 3.9881550020255931e+003, 0., 1.0263976538805259e+003, 0.,
       3.9829185840734813e+003, 5.6513683241310650e+002, 0., 0., 1. ]
distortion_model: plumb_bob
distortion_coefficients: !!opencv-matrix
   rows: 1
   cols: 5
   dt: d
   data: [ -3.9716892657847774e-001, 4.3154252867098125e-001,
       -3.1706986095123718e-004, 8.7989775528567985e-004,
       -1.0395034765941781e-001 ]
rectification_matrix: !!opencv-matrix
   rows: 3
   cols: 3
   dt: d
   data: [ 1., 0., 0., 0., 1., 0., 0., 0., 1. ]
projection_matrix: !!opencv-matrix
   rows: 3
   cols: 4
   dt: d
   data: [ 3.8946059570312500e+003, 0., 1.0294881192425237e+003, 0., 0.,
       3.9496589355468750e+003, 5.6490583860444531e+002, 0., 0., 0., 1.,
       0. ]
